#Hm				dHm					Bm				dBm
#x				dx					y				dy
#I
7.2457889709	0.1988085879					0.0272614824	0.0046442872
14.2392370323	0.3037103089					0.0636101257	0.0050677178
32.876415629	0.5832679878					0.1544817338	0.0070961908
45.6016072048	1.5852416418					0.1999175379	0.00839069
57.137191636	1.7582754082					0.2180918595	0.0089365602
73.5393507492	2.0043077949					0.2408097616	0.0096354421
93.9068670106	2.3098205388					0.2589840832	0.0102054267
113.1929222316	2.5991113672					0.268071244	0.0104935054
135.7233605738	2.9370679423					0.2817019852	0.0099397912
							
							
#II							
27.7561769919	0.5021688051					0.0261376942	0.0044929937
53.8988223591	1.6667438379					0.0522753884	0.0048802032
79.6466674351	2.0529615141					0.0784130826	0.0054649215
104.707903309	2.4288800522					0.1089070592	0.0063230223
130.112443784	2.8099481593					0.1394010358	0.0073067908
155.0020273575	3.1832919129					0.16553873	0.0082160506
182.1230908375	3.5901078651					0.1960327066	0.0093288939
214.2220710322	4.071592568					0.2221704008	0.0093492146
							
							
#III							
1562.2534258772	28.5492350027					0.0309720334	0.0045575406
2046.1734458116	266.0025479555					0.0442457621	0.004691932
2301.9451265381	273.6756983773					0.0530949145	0.004804858
2557.7168072645	281.3488487991					0.0707932193	0.0050809933
2813.488487991	289.0219992209					0.1061898289	0.0057979321
3069.2601687174	296.6951496427					0.1592847434	0.0071529674
4245.8099000591	331.9916415829					0.2389271151	0.0095210309
5115.433614529	358.080353017					0.2566254199	0.0100781626
6138.5203374348	388.7729547042					0.2743237248	0.009679451




3631.9578663156	313.5760805706					0.2566254199	0.0100781626