#Hm				dHm					HC				dHC
#x				dx					y				dy
#I
7.2457889709	0.1988085879		0	0.7245788971
14.2392370323	0.3037103089		2.5427208986	0.5194277901
32.876415629	0.5832679878		9.2053963761	0.7711019381
45.6016072048	1.5852416418		12.1604285879	0.9595045576
57.137191636	1.7582754082		12.8558681181	0.8774437793
73.5393507492	2.0043077949		13.9724766423	0.8740242375
93.9068670106	2.3098205388		15.0250987217	1.052964548
113.1929222316	2.5991113672		15.8470091124	1.2304959526
135.7233605738	2.9370679423		16.2868032689	1.4395856159
				
				
				
#II Hm=k*I  uz v pohode jednotky	Hmchyba		HC vypocet	Hcchyba
27.7561769919	0.5021688051		0	0.8
53.8988223591	1.6667438379		1.347470559	0.8
79.6466674351	2.0529615141		7.9646667435	0.8377828118
104.707903309	2.4288800522		14.6591064633	1.139280319
130.112443784	2.8099481593		23.4202398811	1.4724646202
155.0020273575	3.1832919129		32.5504257451	1.8092140712
182.1230908375	3.5901078651		40.0670799843	2.1407596563
214.2220710322	4.071592568		49.2710763374	2.5371508175
				
				
				
#III Hm=k*I  uz v pohode jednotky	Hmchyba		HC vypocet	Hcchyba
1562.2534258772	28.5492350027		46.8676027763	31.2708568555
2046.1734458116	266.0025479555		163.6938756649	29.7026585734
2301.9451265381	273.6756983773		322.2723177153	45.1602404528
2557.7168072645	281.3488487991		690.5835379614	81.3357966267
2813.488487991	289.0219992209		1069.1256254366	115.3735332893
3069.2601687174	296.6951496427		1350.4744742357	136.7982873036
3631.9578663156	313.5760805706		1525.4223038526	139.9831479911
4245.8099000591	331.9916415829		1613.4077620225	136.9652080094
5115.433614529	358.080353017		1739.2474289399	136.5619591525
6138.5203374348	388.7729547042		1902.9413046048	140.5047873475
